{
    "region": "Minnesota",
    "cities": [
        {
            "cityName": "Rochester MN",
            "zip": "55904",
            "location": [
                44.0121,
                -92.4802
            ],
            "index": 0
        },
        {
            "cityName": "Worthington MN",
            "zip": "56187",
            "location": [
                43.623255,
                -95.59604
            ],
            "index": 1
        },
        {
            "cityName": "Grand Marais MN",
            "zip": "55604",
            "location": [
                47.7504,
                -90.3343
            ],
            "index": 2
        },
        {
            "cityName": "Fargo ND",
            "zip": "58105",
            "location": [
                46.8772,
                -96.7898
            ],
            "index": 3
        },
        {
            "cityName": "Roseau MN",
            "zip": "56751",
            "location": [
                48.8461,
                -95.7628
            ],
            "index": 4
        },
        {
            "cityName": "Saint Paul MN",
            "zip": "55116",
            "location": [
                44.913815,
                -93.17459
            ],
            "index": 5
        },
        {
            "cityName": "Duluth MN",
            "zip": "55810",
            "location": [
                46.7867,
                -92.1005
            ],
            "index": 6
        },
        {
            "cityName": "Bemidji MN",
            "zip": "56601",
            "location": [
                47.504496,
                -94.87105
            ],
            "index": 7
        },
        {
            "cityName": "Morris MN",
            "zip": "56267",
            "location": [
                45.584124,
                -95.9092
            ],
            "index": 8
        },
        {
            "cityName": "Saint Cloud MN",
            "zip": "56372",
            "location": [
                45.5579,
                -94.1632
            ],
            "index": 9
        },
        {
            "cityName": "Minneapolis MN",
            "zip": "55460",
            "location": [
                44.9782,
                -93.2554
            ],
            "index": 10
        }
    ],
    "distances": [
        [
            0,
            253686.3199574076,
            447593.24439741124,
            463043.82801874034,
            593335.0096145688,
            114410.70443463323,
            309941.3595354533,
            430303.87563006196,
            322069.39890924183,
            217214.03326425108,
            123775.53541327914
        ],
        [
            253686.3199574076,
            0,
            614248.3742537043,
            373682.516459675,
            580895.0668260236,
            240330.14796471884,
            445694.6309165256,
            435243.37261054735,
            219443.15446845515,
            243199.9142899943,
            239555.6935793542
        ],
        [
            447593.24439741124,
            614248.3742537043,
            0,
            496102.59208615543,
            419529.2025261156,
            383397.78854815284,
            170996.42161400692,
            341030.7474294659,
            488687.43385889527,
            380495.24171223777,
            381068.3176701903
        ],
        [
            463043.82801874034,
            373682.516459675,
            496102.59208615543,
            0,
            231945.14520260267,
            354811.67261274654,
            356817.68907631136,
            160887.22710057243,
            158936.86753853117,
            249695.88088400682,
            345360.9791096878
        ],
        [
            593335.0096145688,
            580895.0668260236,
            419529.2025261156,
            231945.14520260267,
            0,
            479389.7356248968,
            356603.9730441505,
            163174.50443475324,
            362883.4817361638,
            385060.16233367304,
            470307.58820584463
        ],
        [
            114410.70443463323,
            240330.14796471884,
            383397.78854815284,
            354811.67261274654,
            479389.7356248968,
            0,
            224250.09869386413,
            316248.3081708161,
            226666.96300078667,
            105457.72905038646,
            9576.141940228366
        ],
        [
            309941.3595354533,
            445694.6309165256,
            170996.42161400692,
            356817.68907631136,
            356603.9730441505,
            224250.09869386413,
            0,
            224201.79612025825,
            322212.66956856305,
            209502.51245041768,
            220064.66777900702
        ],
        [
            430303.87563006196,
            435243.37261054735,
            341030.7474294659,
            160887.22710057243,
            163174.50443475324,
            316248.3081708161,
            224201.79612025825,
            0,
            227812.7819873812,
            223119.13268405906,
            307145.46704912634
        ],
        [
            322069.39890924183,
            219443.15446845515,
            488687.43385889527,
            158936.86753853117,
            362883.4817361638,
            226666.96300078667,
            322212.66956856305,
            227812.7819873812,
            0,
            135935.83262275645,
            218278.36743461003
        ],
        [
            217214.03326425108,
            243199.9142899943,
            380495.24171223777,
            249695.88088400682,
            385060.16233367304,
            105457.72905038646,
            209502.51245041768,
            223119.13268405906,
            135935.83262275645,
            0,
            95926.40700439332
        ],
        [
            123775.53541327914,
            239555.6935793542,
            381068.3176701903,
            345360.9791096878,
            470307.58820584463,
            9576.141940228366,
            220064.66777900702,
            307145.46704912634,
            218278.36743461003,
            95926.40700439332,
            0
        ]
    ]
}
